gamma
   21.0781   11.9366    6.2265    4.2227
   11.9366   16.9992   10.9737    6.2265
    6.2265   10.9737   16.9992   11.9366
    4.2227    6.2265   11.9366   21.0781
Overlap
   1.0000e+00   4.8501e-01  -4.6382e-01            0            0   7.2952e-02  -9.7547e-02            0            0   7.3985e-03
   4.8501e-01   1.0000e+00            0            0            0   4.6629e-01  -4.5219e-01            0            0   7.2952e-02
  -4.6382e-01            0   1.0000e+00            0            0   4.5219e-01  -3.1207e-01            0            0   9.7547e-02
            0            0            0   1.0000e+00            0            0            0   2.9737e-01            0            0
            0            0            0            0   1.0000e+00            0            0            0   2.9737e-01            0
   7.2952e-02   4.6629e-01   4.5219e-01            0            0   1.0000e+00  -6.7317e-16            0            0   4.8501e-01
  -9.7547e-02  -4.5219e-01  -3.1207e-01            0            0  -6.7317e-16   1.0000e+00            0            0   4.6382e-01
            0            0            0   2.9737e-01            0            0            0   1.0000e+00            0            0
            0            0            0            0   2.9737e-01            0            0            0   1.0000e+00            0
   7.3985e-03   7.2952e-02   9.7547e-02            0            0   4.8501e-01   4.6382e-01            0            0   1.0000e+00
 p =  5 q =  5
H_core
  -9.4590e+01  -7.2752e+00   6.9573e+00            0            0  -1.0943e+00   1.4632e+00            0            0  -6.6587e-02
  -7.2752e+00  -1.3561e+02            0            0            0  -9.7920e+00   9.4959e+00            0            0  -1.0943e+00
   6.9573e+00            0  -1.2713e+02            0            0  -9.4959e+00   6.5535e+00            0            0  -1.4632e+00
            0            0            0  -1.2713e+02            0            0            0  -6.2448e+00            0            0
            0            0            0            0  -1.2713e+02            0            0            0  -6.2448e+00            0
  -1.0943e+00  -9.7920e+00  -9.4959e+00            0            0  -1.3561e+02   1.4137e-14            0            0  -7.2752e+00
   1.4632e+00   9.4959e+00   6.5535e+00            0            0   1.4137e-14  -1.2713e+02            0            0  -6.9573e+00
            0            0            0  -6.2448e+00            0            0            0  -1.2713e+02            0            0
            0            0            0            0  -6.2448e+00            0            0            0  -1.2713e+02            0
  -6.6587e-02  -1.0943e+00  -1.4632e+00            0            0  -7.2752e+00  -6.9573e+00            0            0  -9.4590e+01
Iteration: 0
Fa
  -9.4590e+01  -7.2752e+00   6.9573e+00            0            0  -1.0943e+00   1.4632e+00            0            0  -6.6587e-02
  -7.2752e+00  -1.3561e+02            0            0            0  -9.7920e+00   9.4959e+00            0            0  -1.0943e+00
   6.9573e+00            0  -1.2713e+02            0            0  -9.4959e+00   6.5535e+00            0            0  -1.4632e+00
            0            0            0  -1.2713e+02            0            0            0  -6.2448e+00            0            0
            0            0            0            0  -1.2713e+02            0            0            0  -6.2448e+00            0
  -1.0943e+00  -9.7920e+00  -9.4959e+00            0            0  -1.3561e+02   1.4137e-14            0            0  -7.2752e+00
   1.4632e+00   9.4959e+00   6.5535e+00            0            0   1.4137e-14  -1.2713e+02            0            0  -6.9573e+00
            0            0            0  -6.2448e+00            0            0            0  -1.2713e+02            0            0
            0            0            0            0  -6.2448e+00            0            0            0  -1.2713e+02            0
  -6.6587e-02  -1.0943e+00  -1.4632e+00            0            0  -7.2752e+00  -6.9573e+00            0            0  -9.4590e+01
Fb
  -9.4590e+01  -7.2752e+00   6.9573e+00            0            0  -1.0943e+00   1.4632e+00            0            0  -6.6587e-02
  -7.2752e+00  -1.3561e+02            0            0            0  -9.7920e+00   9.4959e+00            0            0  -1.0943e+00
   6.9573e+00            0  -1.2713e+02            0            0  -9.4959e+00   6.5535e+00            0            0  -1.4632e+00
            0            0            0  -1.2713e+02            0            0            0  -6.2448e+00            0            0
            0            0            0            0  -1.2713e+02            0            0            0  -6.2448e+00            0
  -1.0943e+00  -9.7920e+00  -9.4959e+00            0            0  -1.3561e+02   1.4137e-14            0            0  -7.2752e+00
   1.4632e+00   9.4959e+00   6.5535e+00            0            0   1.4137e-14  -1.2713e+02            0            0  -6.9573e+00
            0            0            0  -6.2448e+00            0            0            0  -1.2713e+02            0            0
            0            0            0            0  -6.2448e+00            0            0            0  -1.2713e+02            0
  -6.6587e-02  -1.0943e+00  -1.4632e+00            0            0  -7.2752e+00  -6.9573e+00            0            0  -9.4590e+01
after solving eigen equation: 0
Ca
   6.1545e-02   1.6933e-01  -4.2587e-16  -1.1069e-15   1.6505e-01  -6.3144e-16   3.0585e-16   8.4962e-02   6.8482e-01  -6.8126e-01
   6.2649e-01   5.3225e-01  -3.2058e-15  -2.5873e-15   3.0147e-01   2.8588e-15   2.5327e-16  -4.5944e-01  -1.2896e-01   7.4991e-02
   3.2207e-01  -4.3364e-01   1.3461e-15   2.4182e-15  -6.1796e-01   6.2450e-16  -1.7347e-17  -5.3075e-01   1.1999e-01  -1.7397e-01
   2.9772e-16   1.4505e-15  -3.4221e-02   7.0628e-01   2.1585e-15  -1.4724e-01   6.9161e-01  -5.7781e-16  -5.0379e-17   5.0314e-17
  -2.8917e-16  -5.6961e-15  -7.0628e-01  -3.4221e-02   6.6068e-16   6.9161e-01   1.4724e-01   2.7308e-15   5.0425e-16  -4.5038e-16
   6.2649e-01  -5.3225e-01   4.4409e-15  -7.9797e-17   3.0147e-01  -1.7208e-15   2.2204e-16   4.5944e-01  -1.2896e-01  -7.4991e-02
  -3.2207e-01  -4.3364e-01   5.6066e-15   4.5103e-16   6.1796e-01   3.5527e-15  -7.2164e-16  -5.3075e-01  -1.1999e-01  -1.7397e-01
   1.1102e-15   1.8943e-15  -3.4221e-02   7.0628e-01   1.1657e-15   1.4724e-01  -6.9161e-01   1.2212e-15   2.8449e-16  -2.7756e-16
  -6.1062e-16  -4.8850e-15  -7.0628e-01  -3.4221e-02   3.8858e-15  -6.9161e-01  -1.4724e-01  -3.2752e-15  -1.6653e-16   1.9429e-16
   6.1545e-02  -1.6933e-01   1.8095e-15   8.4228e-17   1.6505e-01   6.3684e-16  -1.1802e-16  -8.4962e-02   6.8482e-01   6.8126e-01
Cb
   6.1545e-02   1.6933e-01  -4.2587e-16  -1.1069e-15   1.6505e-01  -6.3144e-16   3.0585e-16   8.4962e-02   6.8482e-01  -6.8126e-01
   6.2649e-01   5.3225e-01  -3.2058e-15  -2.5873e-15   3.0147e-01   2.8588e-15   2.5327e-16  -4.5944e-01  -1.2896e-01   7.4991e-02
   3.2207e-01  -4.3364e-01   1.3461e-15   2.4182e-15  -6.1796e-01   6.2450e-16  -1.7347e-17  -5.3075e-01   1.1999e-01  -1.7397e-01
   2.9772e-16   1.4505e-15  -3.4221e-02   7.0628e-01   2.1585e-15  -1.4724e-01   6.9161e-01  -5.7781e-16  -5.0379e-17   5.0314e-17
  -2.8917e-16  -5.6961e-15  -7.0628e-01  -3.4221e-02   6.6068e-16   6.9161e-01   1.4724e-01   2.7308e-15   5.0425e-16  -4.5038e-16
   6.2649e-01  -5.3225e-01   4.4409e-15  -7.9797e-17   3.0147e-01  -1.7208e-15   2.2204e-16   4.5944e-01  -1.2896e-01  -7.4991e-02
  -3.2207e-01  -4.3364e-01   5.6066e-15   4.5103e-16   6.1796e-01   3.5527e-15  -7.2164e-16  -5.3075e-01  -1.1999e-01  -1.7397e-01
   1.1102e-15   1.8943e-15  -3.4221e-02   7.0628e-01   1.1657e-15   1.4724e-01  -6.9161e-01   1.2212e-15   2.8449e-16  -2.7756e-16
  -6.1062e-16  -4.8850e-15  -7.0628e-01  -3.4221e-02   3.8858e-15  -6.9161e-01  -1.4724e-01  -3.2752e-15  -1.6653e-16   1.9429e-16
   6.1545e-02  -1.6933e-01   1.8095e-15   8.4228e-17   1.6505e-01   6.3684e-16  -1.1802e-16  -8.4962e-02   6.8482e-01   6.8126e-01
 p =  5 q =  5
Pa_new
   5.9699e-02   1.7844e-01  -1.5560e-01  -1.4706e-16  -5.3459e-16  -1.8099e-03   8.7444e-03  -1.8575e-16   1.1526e-16   2.3566e-03
   1.7844e-01   7.6666e-01  -2.1533e-01  -1.0842e-16  -6.6102e-16   2.0008e-01  -2.4628e-01   3.3755e-16   5.4159e-16  -1.8099e-03
  -1.5560e-01  -2.1533e-01   6.7364e-01  -2.0508e-16   9.3512e-16   2.4628e-01  -2.9756e-01   4.7761e-16  -1.5131e-15  -8.7444e-03
  -1.4706e-16  -1.0842e-16  -2.0508e-16   5.0000e-01   3.1225e-16  -1.4312e-16   7.3565e-16   5.0000e-01   6.7307e-16   1.2653e-16
  -5.3459e-16  -6.6102e-16   9.3512e-16   3.1225e-16   5.0000e-01  -8.4017e-17  -1.0038e-15  -6.0368e-16   5.0000e-01  -2.2517e-16
  -1.8099e-03   2.0008e-01   2.4628e-01  -1.4312e-16  -8.4017e-17   7.6666e-01   2.1533e-01  -1.6960e-16   2.5516e-16   1.7844e-01
   8.7444e-03  -2.4628e-01  -2.9756e-01   7.3565e-16  -1.0038e-15   2.1533e-01   6.7364e-01  -3.3195e-16   7.4095e-16   1.5560e-01
  -1.8575e-16   3.3755e-16   4.7761e-16   5.0000e-01  -6.0368e-16  -1.6960e-16  -3.3195e-16   5.0000e-01  -2.4286e-16  -6.2465e-17
   1.1526e-16   5.4159e-16  -1.5131e-15   6.7307e-16   5.0000e-01   2.5516e-16   7.4095e-16  -2.4286e-16   5.0000e-01   1.4999e-16
   2.3566e-03  -1.8099e-03  -8.7444e-03   1.2653e-16  -2.2517e-16   1.7844e-01   1.5560e-01  -6.2465e-17   1.4999e-16   5.9699e-02
Pb_new
   5.9699e-02   1.7844e-01  -1.5560e-01  -1.4706e-16  -5.3459e-16  -1.8099e-03   8.7444e-03  -1.8575e-16   1.1526e-16   2.3566e-03
   1.7844e-01   7.6666e-01  -2.1533e-01  -1.0842e-16  -6.6102e-16   2.0008e-01  -2.4628e-01   3.3755e-16   5.4159e-16  -1.8099e-03
  -1.5560e-01  -2.1533e-01   6.7364e-01  -2.0508e-16   9.3512e-16   2.4628e-01  -2.9756e-01   4.7761e-16  -1.5131e-15  -8.7444e-03
  -1.4706e-16  -1.0842e-16  -2.0508e-16   5.0000e-01   3.1225e-16  -1.4312e-16   7.3565e-16   5.0000e-01   6.7307e-16   1.2653e-16
  -5.3459e-16  -6.6102e-16   9.3512e-16   3.1225e-16   5.0000e-01  -8.4017e-17  -1.0038e-15  -6.0368e-16   5.0000e-01  -2.2517e-16
  -1.8099e-03   2.0008e-01   2.4628e-01  -1.4312e-16  -8.4017e-17   7.6666e-01   2.1533e-01  -1.6960e-16   2.5516e-16   1.7844e-01
   8.7444e-03  -2.4628e-01  -2.9756e-01   7.3565e-16  -1.0038e-15   2.1533e-01   6.7364e-01  -3.3195e-16   7.4095e-16   1.5560e-01
  -1.8575e-16   3.3755e-16   4.7761e-16   5.0000e-01  -6.0368e-16  -1.6960e-16  -3.3195e-16   5.0000e-01  -2.4286e-16  -6.2465e-17
   1.1526e-16   5.4159e-16  -1.5131e-15   6.7307e-16   5.0000e-01   2.5516e-16   7.4095e-16  -2.4286e-16   5.0000e-01   1.4999e-16
   2.3566e-03  -1.8099e-03  -8.7444e-03   1.2653e-16  -2.2517e-16   1.7844e-01   1.5560e-01  -6.2465e-17   1.4999e-16   5.9699e-02
P_t
   0.1194
   4.8806
   4.8806
   0.1194
Ga
   9.0409e+01  -2.1299e+00   1.8573e+00   1.7554e-15   6.3811e-15   1.1269e-02  -5.4447e-02   1.1566e-15  -7.1770e-16  -9.9514e-03
  -2.1299e+00   1.2566e+02   3.6604e+00   1.8430e-15   1.1237e-14  -2.1956e+00   2.7025e+00  -3.7041e-15  -5.9432e-15   1.1269e-02
   1.8573e+00   3.6604e+00   1.2724e+02   3.4863e-15  -1.5896e-14  -2.7025e+00   3.2654e+00  -5.2411e-15   1.6604e-14   5.4447e-02
   1.7554e-15   1.8430e-15   3.4863e-15   1.3019e+02  -5.3080e-15   1.5706e-15  -8.0728e-15  -5.4868e+00  -7.3861e-15  -7.8781e-16
   6.3811e-15   1.1237e-14  -1.5896e-14  -5.3080e-15   1.3019e+02   9.2198e-16   1.1016e-14   6.6246e-15  -5.4868e+00   1.4020e-15
   1.1269e-02  -2.1956e+00  -2.7025e+00   1.5706e-15   9.2198e-16   1.2566e+02  -3.6604e+00   2.8831e-15  -4.3375e-15  -2.1299e+00
  -5.4447e-02   2.7025e+00   3.2654e+00  -8.0728e-15   1.1016e-14  -3.6604e+00   1.2724e+02   5.6429e-15  -1.2596e-14  -1.8573e+00
   1.1566e-15  -3.7041e-15  -5.2411e-15  -5.4868e+00   6.6246e-15   2.8831e-15   5.6429e-15   1.3019e+02   4.1284e-15   7.4561e-16
  -7.1770e-16  -5.9432e-15   1.6604e-14  -7.3861e-15  -5.4868e+00  -4.3375e-15  -1.2596e-14   4.1284e-15   1.3019e+02  -1.7904e-15
  -9.9514e-03   1.1269e-02   5.4447e-02  -7.8781e-16   1.4020e-15  -2.1299e+00  -1.8573e+00   7.4561e-16  -1.7904e-15   9.0409e+01
Gb
   9.0409e+01  -2.1299e+00   1.8573e+00   1.7554e-15   6.3811e-15   1.1269e-02  -5.4447e-02   1.1566e-15  -7.1770e-16  -9.9514e-03
  -2.1299e+00   1.2566e+02   3.6604e+00   1.8430e-15   1.1237e-14  -2.1956e+00   2.7025e+00  -3.7041e-15  -5.9432e-15   1.1269e-02
   1.8573e+00   3.6604e+00   1.2724e+02   3.4863e-15  -1.5896e-14  -2.7025e+00   3.2654e+00  -5.2411e-15   1.6604e-14   5.4447e-02
   1.7554e-15   1.8430e-15   3.4863e-15   1.3019e+02  -5.3080e-15   1.5706e-15  -8.0728e-15  -5.4868e+00  -7.3861e-15  -7.8781e-16
   6.3811e-15   1.1237e-14  -1.5896e-14  -5.3080e-15   1.3019e+02   9.2198e-16   1.1016e-14   6.6246e-15  -5.4868e+00   1.4020e-15
   1.1269e-02  -2.1956e+00  -2.7025e+00   1.5706e-15   9.2198e-16   1.2566e+02  -3.6604e+00   2.8831e-15  -4.3375e-15  -2.1299e+00
  -5.4447e-02   2.7025e+00   3.2654e+00  -8.0728e-15   1.1016e-14  -3.6604e+00   1.2724e+02   5.6429e-15  -1.2596e-14  -1.8573e+00
   1.1566e-15  -3.7041e-15  -5.2411e-15  -5.4868e+00   6.6246e-15   2.8831e-15   5.6429e-15   1.3019e+02   4.1284e-15   7.4561e-16
  -7.1770e-16  -5.9432e-15   1.6604e-14  -7.3861e-15  -5.4868e+00  -4.3375e-15  -1.2596e-14   4.1284e-15   1.3019e+02  -1.7904e-15
  -9.9514e-03   1.1269e-02   5.4447e-02  -7.8781e-16   1.4020e-15  -2.1299e+00  -1.8573e+00   7.4561e-16  -1.7904e-15   9.0409e+01
Iteration: 1
Fa
  -4.1808e+00  -9.4052e+00   8.8146e+00   1.7554e-15   6.3811e-15  -1.0830e+00   1.4088e+00   1.1566e-15  -7.1770e-16  -7.6538e-02
  -9.4052e+00  -9.9455e+00   3.6604e+00   1.8430e-15   1.1237e-14  -1.1988e+01   1.2198e+01  -3.7041e-15  -5.9432e-15  -1.0830e+00
   8.8146e+00   3.6604e+00   1.1471e-01   3.4863e-15  -1.5896e-14  -1.2198e+01   9.8189e+00  -5.2411e-15   1.6604e-14  -1.4088e+00
   1.7554e-15   1.8430e-15   3.4863e-15   3.0665e+00  -5.3080e-15   1.5706e-15  -8.0728e-15  -1.1732e+01  -7.3861e-15  -7.8781e-16
   6.3811e-15   1.1237e-14  -1.5896e-14  -5.3080e-15   3.0665e+00   9.2198e-16   1.1016e-14   6.6246e-15  -1.1732e+01   1.4020e-15
  -1.0830e+00  -1.1988e+01  -1.2198e+01   1.5706e-15   9.2198e-16  -9.9455e+00  -3.6604e+00   2.8831e-15  -4.3375e-15  -9.4052e+00
   1.4088e+00   1.2198e+01   9.8189e+00  -8.0728e-15   1.1016e-14  -3.6604e+00   1.1471e-01   5.6429e-15  -1.2596e-14  -8.8146e+00
   1.1566e-15  -3.7041e-15  -5.2411e-15  -1.1732e+01   6.6246e-15   2.8831e-15   5.6429e-15   3.0665e+00   4.1284e-15   7.4561e-16
  -7.1770e-16  -5.9432e-15   1.6604e-14  -7.3861e-15  -1.1732e+01  -4.3375e-15  -1.2596e-14   4.1284e-15   3.0665e+00  -1.7904e-15
  -7.6538e-02  -1.0830e+00  -1.4088e+00  -7.8781e-16   1.4020e-15  -9.4052e+00  -8.8146e+00   7.4561e-16  -1.7904e-15  -4.1808e+00
Fb
  -4.1808e+00  -9.4052e+00   8.8146e+00   1.7554e-15   6.3811e-15  -1.0830e+00   1.4088e+00   1.1566e-15  -7.1770e-16  -7.6538e-02
  -9.4052e+00  -9.9455e+00   3.6604e+00   1.8430e-15   1.1237e-14  -1.1988e+01   1.2198e+01  -3.7041e-15  -5.9432e-15  -1.0830e+00
   8.8146e+00   3.6604e+00   1.1471e-01   3.4863e-15  -1.5896e-14  -1.2198e+01   9.8189e+00  -5.2411e-15   1.6604e-14  -1.4088e+00
   1.7554e-15   1.8430e-15   3.4863e-15   3.0665e+00  -5.3080e-15   1.5706e-15  -8.0728e-15  -1.1732e+01  -7.3861e-15  -7.8781e-16
   6.3811e-15   1.1237e-14  -1.5896e-14  -5.3080e-15   3.0665e+00   9.2198e-16   1.1016e-14   6.6246e-15  -1.1732e+01   1.4020e-15
  -1.0830e+00  -1.1988e+01  -1.2198e+01   1.5706e-15   9.2198e-16  -9.9455e+00  -3.6604e+00   2.8831e-15  -4.3375e-15  -9.4052e+00
   1.4088e+00   1.2198e+01   9.8189e+00  -8.0728e-15   1.1016e-14  -3.6604e+00   1.1471e-01   5.6429e-15  -1.2596e-14  -8.8146e+00
   1.1566e-15  -3.7041e-15  -5.2411e-15  -1.1732e+01   6.6246e-15   2.8831e-15   5.6429e-15   3.0665e+00   4.1284e-15   7.4561e-16
  -7.1770e-16  -5.9432e-15   1.6604e-14  -7.3861e-15  -1.1732e+01  -4.3375e-15  -1.2596e-14   4.1284e-15   3.0665e+00  -1.7904e-15
  -7.6538e-02  -1.0830e+00  -1.4088e+00  -7.8781e-16   1.4020e-15  -9.4052e+00  -8.8146e+00   7.4561e-16  -1.7904e-15  -4.1808e+00
after solving eigen equation: 1
Ca
  -2.1549e-01  -4.3861e-01  -4.3018e-01   1.6480e-16  -5.5468e-16  -5.4663e-01  -5.1818e-01  -3.1876e-16  -1.8974e-16  -9.3902e-02
  -6.4030e-01  -4.1788e-01  -3.7782e-02   1.5266e-16  -1.1102e-16   4.0441e-01   2.9764e-01   4.9960e-16   4.2327e-16  -4.0229e-01
  -2.0876e-01   3.6469e-01   5.5992e-01  -4.8572e-17   1.9429e-16  -1.9404e-01  -3.7802e-01  -1.1796e-15  -4.3715e-16  -5.7389e-01
   1.4200e-16   5.8975e-17  -1.7260e-16   5.7153e-01   4.1636e-01  -4.4996e-16   2.7002e-16  -3.2159e-01   6.2974e-01  -5.7685e-17
   1.6792e-16   4.3308e-16   7.2934e-16   4.1636e-01  -5.7153e-01  -2.0085e-16  -1.4582e-15   6.2974e-01   3.2159e-01  -1.6297e-16
  -6.4030e-01   4.1788e-01  -3.7782e-02   5.5511e-17            0  -4.0441e-01   2.9764e-01   7.2164e-16   2.7756e-17   4.0229e-01
   2.0876e-01   3.6469e-01  -5.5992e-01  -1.6653e-16   5.5511e-17  -1.9404e-01   3.7802e-01   1.2212e-15  -2.7756e-17  -5.7389e-01
  -1.9921e-16  -8.7096e-17   3.5322e-16   5.7153e-01   4.1636e-01   7.9252e-17  -4.2836e-16   3.2159e-01  -6.2974e-01   2.3317e-16
  -5.5511e-17   1.1102e-16  -6.1062e-16   4.1636e-01  -5.7153e-01   5.5511e-17   1.2212e-15  -6.2974e-01  -3.2159e-01   1.1102e-16
  -2.1549e-01   4.3861e-01  -4.3018e-01   1.4344e-17   2.1152e-16   5.4663e-01  -5.1818e-01  -6.2958e-16   3.6588e-17   9.3902e-02
Cb
  -2.1549e-01  -4.3861e-01  -4.3018e-01   1.6480e-16  -5.5468e-16  -5.4663e-01  -5.1818e-01  -3.1876e-16  -1.8974e-16  -9.3902e-02
  -6.4030e-01  -4.1788e-01  -3.7782e-02   1.5266e-16  -1.1102e-16   4.0441e-01   2.9764e-01   4.9960e-16   4.2327e-16  -4.0229e-01
  -2.0876e-01   3.6469e-01   5.5992e-01  -4.8572e-17   1.9429e-16  -1.9404e-01  -3.7802e-01  -1.1796e-15  -4.3715e-16  -5.7389e-01
   1.4200e-16   5.8975e-17  -1.7260e-16   5.7153e-01   4.1636e-01  -4.4996e-16   2.7002e-16  -3.2159e-01   6.2974e-01  -5.7685e-17
   1.6792e-16   4.3308e-16   7.2934e-16   4.1636e-01  -5.7153e-01  -2.0085e-16  -1.4582e-15   6.2974e-01   3.2159e-01  -1.6297e-16
  -6.4030e-01   4.1788e-01  -3.7782e-02   5.5511e-17            0  -4.0441e-01   2.9764e-01   7.2164e-16   2.7756e-17   4.0229e-01
   2.0876e-01   3.6469e-01  -5.5992e-01  -1.6653e-16   5.5511e-17  -1.9404e-01   3.7802e-01   1.2212e-15  -2.7756e-17  -5.7389e-01
  -1.9921e-16  -8.7096e-17   3.5322e-16   5.7153e-01   4.1636e-01   7.9252e-17  -4.2836e-16   3.2159e-01  -6.2974e-01   2.3317e-16
  -5.5511e-17   1.1102e-16  -6.1062e-16   4.1636e-01  -5.7153e-01   5.5511e-17   1.2212e-15  -6.2974e-01  -3.2159e-01   1.1102e-16
  -2.1549e-01   4.3861e-01  -4.3018e-01   1.4344e-17   2.1152e-16   5.4663e-01  -5.1818e-01  -6.2958e-16   3.6588e-17   9.3902e-02
 p =  5 q =  5
Pa_new
   4.2387e-01   3.3752e-01  -3.5584e-01  -1.1897e-16  -1.5426e-16  -2.9053e-02   3.5925e-02  -2.0758e-16   6.1158e-16   3.9115e-02
   3.3752e-01   5.8603e-01  -3.9880e-02  -6.8025e-17  -1.8904e-16   2.3679e-01  -2.6491e-01   1.9162e-16   1.3923e-16  -2.9053e-02
  -3.5584e-01  -3.9880e-02   4.9010e-01  -5.1648e-17   3.9999e-16   2.6491e-01  -2.2410e-01   2.6073e-16  -4.2109e-16  -3.5925e-02
  -1.1897e-16  -6.8025e-17  -5.1648e-17   5.0000e-01            0  -2.8032e-17   7.5731e-17   5.0000e-01   3.8858e-16   1.6578e-16
  -1.5426e-16  -1.8904e-16   3.9999e-16            0   5.0000e-01   6.9014e-17  -3.1644e-16  -4.4409e-16   5.0000e-01  -2.7490e-16
  -2.9053e-02   2.3679e-01   2.6491e-01  -2.8032e-17   6.9014e-17   5.8603e-01   3.9880e-02   1.0954e-16   1.2812e-16   3.3752e-01
   3.5925e-02  -2.6491e-01  -2.2410e-01   7.5731e-17  -3.1644e-16   3.9880e-02   4.9010e-01  -3.4319e-16   2.6974e-16   3.5584e-01
  -2.0758e-16   1.9162e-16   2.6073e-16   5.0000e-01  -4.4409e-16   1.0954e-16  -3.4319e-16   5.0000e-01  -5.5511e-17  -5.0955e-17
   6.1158e-16   1.3923e-16  -4.2109e-16   3.8858e-16   5.0000e-01   1.2812e-16   2.6974e-16  -5.5511e-17   5.0000e-01   2.0842e-16
   3.9115e-02  -2.9053e-02  -3.5925e-02   1.6578e-16  -2.7490e-16   3.3752e-01   3.5584e-01  -5.0955e-17   2.0842e-16   4.2387e-01
Pb_new
   4.2387e-01   3.3752e-01  -3.5584e-01  -1.1897e-16  -1.5426e-16  -2.9053e-02   3.5925e-02  -2.0758e-16   6.1158e-16   3.9115e-02
   3.3752e-01   5.8603e-01  -3.9880e-02  -6.8025e-17  -1.8904e-16   2.3679e-01  -2.6491e-01   1.9162e-16   1.3923e-16  -2.9053e-02
  -3.5584e-01  -3.9880e-02   4.9010e-01  -5.1648e-17   3.9999e-16   2.6491e-01  -2.2410e-01   2.6073e-16  -4.2109e-16  -3.5925e-02
  -1.1897e-16  -6.8025e-17  -5.1648e-17   5.0000e-01            0  -2.8032e-17   7.5731e-17   5.0000e-01   3.8858e-16   1.6578e-16
  -1.5426e-16  -1.8904e-16   3.9999e-16            0   5.0000e-01   6.9014e-17  -3.1644e-16  -4.4409e-16   5.0000e-01  -2.7490e-16
  -2.9053e-02   2.3679e-01   2.6491e-01  -2.8032e-17   6.9014e-17   5.8603e-01   3.9880e-02   1.0954e-16   1.2812e-16   3.3752e-01
   3.5925e-02  -2.6491e-01  -2.2410e-01   7.5731e-17  -3.1644e-16   3.9880e-02   4.9010e-01  -3.4319e-16   2.6974e-16   3.5584e-01
  -2.0758e-16   1.9162e-16   2.6073e-16   5.0000e-01  -4.4409e-16   1.0954e-16  -3.4319e-16   5.0000e-01  -5.5511e-17  -5.0955e-17
   6.1158e-16   1.3923e-16  -4.2109e-16   3.8858e-16   5.0000e-01   1.2812e-16   2.6974e-16  -5.5511e-17   5.0000e-01   2.0842e-16
   3.9115e-02  -2.9053e-02  -3.5925e-02   1.6578e-16  -2.7490e-16   3.3752e-01   3.5584e-01  -5.0955e-17   2.0842e-16   4.2387e-01
P_t
   0.8477
   4.1523
   4.1523
   0.8477
Ga
   8.7932e+01  -4.0288e+00   4.2475e+00   1.4201e-15   1.8413e-15   1.8090e-01  -2.2369e-01   1.2925e-15  -3.8080e-15  -1.6517e-01
  -4.0288e+00   1.2159e+02   6.7793e-01   1.1564e-15   3.2135e-15  -2.5984e+00   2.9071e+00  -2.1028e-15  -1.5279e-15   1.8090e-01
   4.2475e+00   6.7793e-01   1.2322e+02   8.7798e-16  -6.7996e-15  -2.9071e+00   2.4592e+00  -2.8612e-15   4.6209e-15   2.2369e-01
   1.4201e-15   1.1564e-15   8.7798e-16   1.2305e+02            0   3.0761e-16  -8.3105e-16  -5.4868e+00  -4.2641e-15  -1.0323e-15
   1.8413e-15   3.2135e-15  -6.7996e-15            0   1.2305e+02  -7.5734e-16   3.4725e-15   4.8733e-15  -5.4868e+00   1.7116e-15
   1.8090e-01  -2.5984e+00  -2.9071e+00   3.0761e-16  -7.5734e-16   1.2159e+02  -6.7793e-01  -1.8621e-15  -2.1779e-15  -4.0288e+00
  -2.2369e-01   2.9071e+00   2.4592e+00  -8.3105e-16   3.4725e-15  -6.7793e-01   1.2322e+02   5.8340e-15  -4.5853e-15  -4.2475e+00
   1.2925e-15  -2.1028e-15  -2.8612e-15  -5.4868e+00   4.8733e-15  -1.8621e-15   5.8340e-15   1.2305e+02   9.4365e-16   6.0823e-16
  -3.8080e-15  -1.5279e-15   4.6209e-15  -4.2641e-15  -5.4868e+00  -2.1779e-15  -4.5853e-15   9.4365e-16   1.2305e+02  -2.4878e-15
  -1.6517e-01   1.8090e-01   2.2369e-01  -1.0323e-15   1.7116e-15  -4.0288e+00  -4.2475e+00   6.0823e-16  -2.4878e-15   8.7932e+01
Gb
   8.7932e+01  -4.0288e+00   4.2475e+00   1.4201e-15   1.8413e-15   1.8090e-01  -2.2369e-01   1.2925e-15  -3.8080e-15  -1.6517e-01
  -4.0288e+00   1.2159e+02   6.7793e-01   1.1564e-15   3.2135e-15  -2.5984e+00   2.9071e+00  -2.1028e-15  -1.5279e-15   1.8090e-01
   4.2475e+00   6.7793e-01   1.2322e+02   8.7798e-16  -6.7996e-15  -2.9071e+00   2.4592e+00  -2.8612e-15   4.6209e-15   2.2369e-01
   1.4201e-15   1.1564e-15   8.7798e-16   1.2305e+02            0   3.0761e-16  -8.3105e-16  -5.4868e+00  -4.2641e-15  -1.0323e-15
   1.8413e-15   3.2135e-15  -6.7996e-15            0   1.2305e+02  -7.5734e-16   3.4725e-15   4.8733e-15  -5.4868e+00   1.7116e-15
   1.8090e-01  -2.5984e+00  -2.9071e+00   3.0761e-16  -7.5734e-16   1.2159e+02  -6.7793e-01  -1.8621e-15  -2.1779e-15  -4.0288e+00
  -2.2369e-01   2.9071e+00   2.4592e+00  -8.3105e-16   3.4725e-15  -6.7793e-01   1.2322e+02   5.8340e-15  -4.5853e-15  -4.2475e+00
   1.2925e-15  -2.1028e-15  -2.8612e-15  -5.4868e+00   4.8733e-15  -1.8621e-15   5.8340e-15   1.2305e+02   9.4365e-16   6.0823e-16
  -3.8080e-15  -1.5279e-15   4.6209e-15  -4.2641e-15  -5.4868e+00  -2.1779e-15  -4.5853e-15   9.4365e-16   1.2305e+02  -2.4878e-15
  -1.6517e-01   1.8090e-01   2.2369e-01  -1.0323e-15   1.7116e-15  -4.0288e+00  -4.2475e+00   6.0823e-16  -2.4878e-15   8.7932e+01
Iteration: 2
Fa
  -6.6581e+00  -1.1304e+01   1.1205e+01   1.4201e-15   1.8413e-15  -9.1339e-01   1.2395e+00   1.2925e-15  -3.8080e-15  -2.3176e-01
  -1.1304e+01  -1.4020e+01   6.7793e-01   1.1564e-15   3.2135e-15  -1.2390e+01   1.2403e+01  -2.1028e-15  -1.5279e-15  -9.1339e-01
   1.1205e+01   6.7793e-01  -3.9101e+00   8.7798e-16  -6.7996e-15  -1.2403e+01   9.0127e+00  -2.8612e-15   4.6209e-15  -1.2395e+00
   1.4201e-15   1.1564e-15   8.7798e-16  -4.0784e+00            0   3.0761e-16  -8.3105e-16  -1.1732e+01  -4.2641e-15  -1.0323e-15
   1.8413e-15   3.2135e-15  -6.7996e-15            0  -4.0784e+00  -7.5734e-16   3.4725e-15   4.8733e-15  -1.1732e+01   1.7116e-15
  -9.1339e-01  -1.2390e+01  -1.2403e+01   3.0761e-16  -7.5734e-16  -1.4020e+01  -6.7793e-01  -1.8621e-15  -2.1779e-15  -1.1304e+01
   1.2395e+00   1.2403e+01   9.0127e+00  -8.3105e-16   3.4725e-15  -6.7793e-01  -3.9101e+00   5.8340e-15  -4.5853e-15  -1.1205e+01
   1.2925e-15  -2.1028e-15  -2.8612e-15  -1.1732e+01   4.8733e-15  -1.8621e-15   5.8340e-15  -4.0784e+00   9.4365e-16   6.0823e-16
  -3.8080e-15  -1.5279e-15   4.6209e-15  -4.2641e-15  -1.1732e+01  -2.1779e-15  -4.5853e-15   9.4365e-16  -4.0784e+00  -2.4878e-15
  -2.3176e-01  -9.1339e-01  -1.2395e+00  -1.0323e-15   1.7116e-15  -1.1304e+01  -1.1205e+01   6.0823e-16  -2.4878e-15  -6.6581e+00
Fb
  -6.6581e+00  -1.1304e+01   1.1205e+01   1.4201e-15   1.8413e-15  -9.1339e-01   1.2395e+00   1.2925e-15  -3.8080e-15  -2.3176e-01
  -1.1304e+01  -1.4020e+01   6.7793e-01   1.1564e-15   3.2135e-15  -1.2390e+01   1.2403e+01  -2.1028e-15  -1.5279e-15  -9.1339e-01
   1.1205e+01   6.7793e-01  -3.9101e+00   8.7798e-16  -6.7996e-15  -1.2403e+01   9.0127e+00  -2.8612e-15   4.6209e-15  -1.2395e+00
   1.4201e-15   1.1564e-15   8.7798e-16  -4.0784e+00            0   3.0761e-16  -8.3105e-16  -1.1732e+01  -4.2641e-15  -1.0323e-15
   1.8413e-15   3.2135e-15  -6.7996e-15            0  -4.0784e+00  -7.5734e-16   3.4725e-15   4.8733e-15  -1.1732e+01   1.7116e-15
  -9.1339e-01  -1.2390e+01  -1.2403e+01   3.0761e-16  -7.5734e-16  -1.4020e+01  -6.7793e-01  -1.8621e-15  -2.1779e-15  -1.1304e+01
   1.2395e+00   1.2403e+01   9.0127e+00  -8.3105e-16   3.4725e-15  -6.7793e-01  -3.9101e+00   5.8340e-15  -4.5853e-15  -1.1205e+01
   1.2925e-15  -2.1028e-15  -2.8612e-15  -1.1732e+01   4.8733e-15  -1.8621e-15   5.8340e-15  -4.0784e+00   9.4365e-16   6.0823e-16
  -3.8080e-15  -1.5279e-15   4.6209e-15  -4.2641e-15  -1.1732e+01  -2.1779e-15  -4.5853e-15   9.4365e-16  -4.0784e+00  -2.4878e-15
  -2.3176e-01  -9.1339e-01  -1.2395e+00  -1.0323e-15   1.7116e-15  -1.1304e+01  -1.1205e+01   6.0823e-16  -2.4878e-15  -6.6581e+00
after solving eigen equation: 2
Ca
  -1.8635e-01  -4.5827e-01  -4.6638e-01  -2.3592e-16  -1.0816e-15   5.0981e-01   2.9386e-15   4.5016e-16  -4.9776e-01   1.7343e-01
  -6.3267e-01  -4.0043e-01  -7.4693e-02   2.5674e-16   2.4286e-17  -4.7488e-01  -1.6584e-15   7.6328e-17   3.0684e-01   3.3786e-01
  -2.5496e-01   3.6006e-01   5.2622e-01   2.1511e-16   1.2212e-15   1.2075e-01   1.7347e-15   4.3715e-16  -3.9760e-01   5.9647e-01
  -7.6101e-17   2.4269e-16   1.2930e-15  -2.4460e-01  -6.6346e-01   4.0400e-16  -5.0275e-01   4.9724e-01  -1.8208e-15   6.6959e-17
  -4.6816e-17   2.1833e-19  -2.0559e-16  -6.6346e-01   2.4460e-01  -4.9052e-16   4.9724e-01   5.0275e-01   2.3319e-15  -1.7978e-16
  -6.3267e-01   4.0043e-01  -7.4693e-02            0   1.1102e-16   4.7488e-01  -1.1102e-15  -2.2204e-16   3.0684e-01  -3.3786e-01
   2.5496e-01   3.6006e-01  -5.2622e-01  -1.1102e-16  -9.7145e-16   1.2075e-01  -1.1657e-15  -5.5511e-17   3.9760e-01   5.9647e-01
  -3.2062e-16   2.8501e-16   1.6802e-15  -2.4460e-01  -6.6346e-01  -2.9314e-16   5.0275e-01  -4.9724e-01   1.9803e-15  -6.4910e-17
  -1.6653e-16  -1.1102e-16  -7.7716e-16  -6.6346e-01   2.4460e-01   4.4409e-16  -4.9724e-01  -5.0275e-01  -2.2760e-15   1.1102e-16
  -1.8635e-01   4.5827e-01  -4.6638e-01   1.6629e-31  -9.3528e-16  -5.0981e-01   1.8525e-15   2.0056e-16  -4.9776e-01  -1.7343e-01
Cb
  -1.8635e-01  -4.5827e-01  -4.6638e-01  -2.3592e-16  -1.0816e-15   5.0981e-01   2.9386e-15   4.5016e-16  -4.9776e-01   1.7343e-01
  -6.3267e-01  -4.0043e-01  -7.4693e-02   2.5674e-16   2.4286e-17  -4.7488e-01  -1.6584e-15   7.6328e-17   3.0684e-01   3.3786e-01
  -2.5496e-01   3.6006e-01   5.2622e-01   2.1511e-16   1.2212e-15   1.2075e-01   1.7347e-15   4.3715e-16  -3.9760e-01   5.9647e-01
  -7.6101e-17   2.4269e-16   1.2930e-15  -2.4460e-01  -6.6346e-01   4.0400e-16  -5.0275e-01   4.9724e-01  -1.8208e-15   6.6959e-17
  -4.6816e-17   2.1833e-19  -2.0559e-16  -6.6346e-01   2.4460e-01  -4.9052e-16   4.9724e-01   5.0275e-01   2.3319e-15  -1.7978e-16
  -6.3267e-01   4.0043e-01  -7.4693e-02            0   1.1102e-16   4.7488e-01  -1.1102e-15  -2.2204e-16   3.0684e-01  -3.3786e-01
   2.5496e-01   3.6006e-01  -5.2622e-01  -1.1102e-16  -9.7145e-16   1.2075e-01  -1.1657e-15  -5.5511e-17   3.9760e-01   5.9647e-01
  -3.2062e-16   2.8501e-16   1.6802e-15  -2.4460e-01  -6.6346e-01  -2.9314e-16   5.0275e-01  -4.9724e-01   1.9803e-15  -6.4910e-17
  -1.6653e-16  -1.1102e-16  -7.7716e-16  -6.6346e-01   2.4460e-01   4.4409e-16  -4.9724e-01  -5.0275e-01  -2.2760e-15   1.1102e-16
  -1.8635e-01   4.5827e-01  -4.6638e-01   1.6629e-31  -9.3528e-16  -5.0981e-01   1.8525e-15   2.0056e-16  -4.9776e-01  -1.7343e-01
 p =  5 q =  5
Pa_new
   4.6225e-01   3.3624e-01  -3.6291e-01   7.5219e-17  -3.5206e-18  -3.0771e-02   3.2901e-02  -7.9192e-17   3.3633e-16   4.2227e-02
   3.3624e-01   5.6619e-01  -2.2180e-02  -2.2452e-16  -1.1951e-16   2.4550e-01  -2.6618e-01  -1.1569e-16   4.3470e-17  -3.0771e-02
  -3.6291e-01  -2.2180e-02   4.7156e-01  -7.5645e-17   5.9824e-17   2.6618e-01  -2.1227e-01   2.0569e-16  -2.5048e-16  -3.2901e-02
   7.5219e-17  -2.2452e-16  -7.5645e-17   5.0000e-01  -5.5511e-17  -2.4913e-17   5.9222e-17   5.0000e-01   4.4409e-16   1.4287e-16
  -3.5206e-18  -1.1951e-16   5.9824e-17  -5.5511e-17   5.0000e-01   7.2219e-17  -6.7622e-17  -8.3267e-17   5.0000e-01  -1.2406e-16
  -3.0771e-02   2.4550e-01   2.6618e-01  -2.4913e-17   7.2219e-17   5.6619e-01   2.2180e-02   1.1782e-16   1.4611e-16   3.3624e-01
   3.2901e-02  -2.6618e-01  -2.1227e-01   5.9222e-17  -6.7622e-17   2.2180e-02   4.7156e-01  -1.9163e-16   1.6257e-16   3.6291e-01
  -7.9192e-17  -1.1569e-16   2.0569e-16   5.0000e-01  -8.3267e-17   1.1782e-16  -1.9163e-16   5.0000e-01   4.1633e-16   2.7251e-17
   3.3633e-16   4.3470e-17  -2.5048e-16   4.4409e-16   5.0000e-01   1.4611e-16   1.6257e-16   4.1633e-16   5.0000e-01   1.1384e-16
   4.2227e-02  -3.0771e-02  -3.2901e-02   1.4287e-16  -1.2406e-16   3.3624e-01   3.6291e-01   2.7251e-17   1.1384e-16   4.6225e-01
Pb_new
   4.6225e-01   3.3624e-01  -3.6291e-01   7.5219e-17  -3.5206e-18  -3.0771e-02   3.2901e-02  -7.9192e-17   3.3633e-16   4.2227e-02
   3.3624e-01   5.6619e-01  -2.2180e-02  -2.2452e-16  -1.1951e-16   2.4550e-01  -2.6618e-01  -1.1569e-16   4.3470e-17  -3.0771e-02
  -3.6291e-01  -2.2180e-02   4.7156e-01  -7.5645e-17   5.9824e-17   2.6618e-01  -2.1227e-01   2.0569e-16  -2.5048e-16  -3.2901e-02
   7.5219e-17  -2.2452e-16  -7.5645e-17   5.0000e-01  -5.5511e-17  -2.4913e-17   5.9222e-17   5.0000e-01   4.4409e-16   1.4287e-16
  -3.5206e-18  -1.1951e-16   5.9824e-17  -5.5511e-17   5.0000e-01   7.2219e-17  -6.7622e-17  -8.3267e-17   5.0000e-01  -1.2406e-16
  -3.0771e-02   2.4550e-01   2.6618e-01  -2.4913e-17   7.2219e-17   5.6619e-01   2.2180e-02   1.1782e-16   1.4611e-16   3.3624e-01
   3.2901e-02  -2.6618e-01  -2.1227e-01   5.9222e-17  -6.7622e-17   2.2180e-02   4.7156e-01  -1.9163e-16   1.6257e-16   3.6291e-01
  -7.9192e-17  -1.1569e-16   2.0569e-16   5.0000e-01  -8.3267e-17   1.1782e-16  -1.9163e-16   5.0000e-01   4.1633e-16   2.7251e-17
   3.3633e-16   4.3470e-17  -2.5048e-16   4.4409e-16   5.0000e-01   1.4611e-16   1.6257e-16   4.1633e-16   5.0000e-01   1.1384e-16
   4.2227e-02  -3.0771e-02  -3.2901e-02   1.4287e-16  -1.2406e-16   3.3624e-01   3.6291e-01   2.7251e-17   1.1384e-16   4.6225e-01
P_t
   0.9245
   4.0755
   4.0755
   0.9245
Ga
   8.7671e+01  -4.0135e+00   4.3320e+00  -8.9786e-16   4.2024e-17   1.9159e-01  -2.0486e-01   4.9309e-16  -2.0942e-15  -1.7831e-01
  -4.0135e+00   1.2117e+02   3.7704e-01   3.8167e-15   2.0315e-15  -2.6941e+00   2.9210e+00   1.2695e-15  -4.7703e-16   1.9159e-01
   4.3320e+00   3.7704e-01   1.2278e+02   1.2859e-15  -1.0170e-15  -2.9210e+00   2.3294e+00  -2.2572e-15   2.7486e-15   2.0486e-01
  -8.9786e-16   3.8167e-15   1.2859e-15   1.2230e+02   9.4365e-16   2.7338e-16  -6.4989e-16  -5.4868e+00  -4.8733e-15  -8.8958e-16
   4.2024e-17   2.0315e-15  -1.0170e-15   9.4365e-16   1.2230e+02  -7.9250e-16   7.4206e-16   9.1374e-16  -5.4868e+00   7.7243e-16
   1.9159e-01  -2.6941e+00  -2.9210e+00   2.7338e-16  -7.9250e-16   1.2117e+02  -3.7704e-01  -2.0028e-15  -2.4837e-15  -4.0135e+00
  -2.0486e-01   2.9210e+00   2.3294e+00  -6.4989e-16   7.4206e-16  -3.7704e-01   1.2278e+02   3.2576e-15  -2.7636e-15  -4.3320e+00
   4.9309e-16   1.2695e-15  -2.2572e-15  -5.4868e+00   9.1374e-16  -2.0028e-15   3.2576e-15   1.2230e+02  -7.0773e-15  -3.2529e-16
  -2.0942e-15  -4.7703e-16   2.7486e-15  -4.8733e-15  -5.4868e+00  -2.4837e-15  -2.7636e-15  -7.0773e-15   1.2230e+02  -1.3589e-15
  -1.7831e-01   1.9159e-01   2.0486e-01  -8.8958e-16   7.7243e-16  -4.0135e+00  -4.3320e+00  -3.2529e-16  -1.3589e-15   8.7671e+01
Gb
   8.7671e+01  -4.0135e+00   4.3320e+00  -8.9786e-16   4.2024e-17   1.9159e-01  -2.0486e-01   4.9309e-16  -2.0942e-15  -1.7831e-01
  -4.0135e+00   1.2117e+02   3.7704e-01   3.8167e-15   2.0315e-15  -2.6941e+00   2.9210e+00   1.2695e-15  -4.7703e-16   1.9159e-01
   4.3320e+00   3.7704e-01   1.2278e+02   1.2859e-15  -1.0170e-15  -2.9210e+00   2.3294e+00  -2.2572e-15   2.7486e-15   2.0486e-01
  -8.9786e-16   3.8167e-15   1.2859e-15   1.2230e+02   9.4365e-16   2.7338e-16  -6.4989e-16  -5.4868e+00  -4.8733e-15  -8.8958e-16
   4.2024e-17   2.0315e-15  -1.0170e-15   9.4365e-16   1.2230e+02  -7.9250e-16   7.4206e-16   9.1374e-16  -5.4868e+00   7.7243e-16
   1.9159e-01  -2.6941e+00  -2.9210e+00   2.7338e-16  -7.9250e-16   1.2117e+02  -3.7704e-01  -2.0028e-15  -2.4837e-15  -4.0135e+00
  -2.0486e-01   2.9210e+00   2.3294e+00  -6.4989e-16   7.4206e-16  -3.7704e-01   1.2278e+02   3.2576e-15  -2.7636e-15  -4.3320e+00
   4.9309e-16   1.2695e-15  -2.2572e-15  -5.4868e+00   9.1374e-16  -2.0028e-15   3.2576e-15   1.2230e+02  -7.0773e-15  -3.2529e-16
  -2.0942e-15  -4.7703e-16   2.7486e-15  -4.8733e-15  -5.4868e+00  -2.4837e-15  -2.7636e-15  -7.0773e-15   1.2230e+02  -1.3589e-15
  -1.7831e-01   1.9159e-01   2.0486e-01  -8.8958e-16   7.7243e-16  -4.0135e+00  -4.3320e+00  -3.2529e-16  -1.3589e-15   8.7671e+01
Iteration: 3
Fa
  -6.9192e+00  -1.1289e+01   1.1289e+01  -8.9786e-16   4.2024e-17  -9.0269e-01   1.2583e+00   4.9309e-16  -2.0942e-15  -2.4490e-01
  -1.1289e+01  -1.4435e+01   3.7704e-01   3.8167e-15   2.0315e-15  -1.2486e+01   1.2417e+01   1.2695e-15  -4.7703e-16  -9.0269e-01
   1.1289e+01   3.7704e-01  -4.3479e+00   1.2859e-15  -1.0170e-15  -1.2417e+01   8.8829e+00  -2.2572e-15   2.7486e-15  -1.2583e+00
  -8.9786e-16   3.8167e-15   1.2859e-15  -4.8313e+00   9.4365e-16   2.7338e-16  -6.4989e-16  -1.1732e+01  -4.8733e-15  -8.8958e-16
   4.2024e-17   2.0315e-15  -1.0170e-15   9.4365e-16  -4.8313e+00  -7.9250e-16   7.4206e-16   9.1374e-16  -1.1732e+01   7.7243e-16
  -9.0269e-01  -1.2486e+01  -1.2417e+01   2.7338e-16  -7.9250e-16  -1.4435e+01  -3.7704e-01  -2.0028e-15  -2.4837e-15  -1.1289e+01
   1.2583e+00   1.2417e+01   8.8829e+00  -6.4989e-16   7.4206e-16  -3.7704e-01  -4.3479e+00   3.2576e-15  -2.7636e-15  -1.1289e+01
   4.9309e-16   1.2695e-15  -2.2572e-15  -1.1732e+01   9.1374e-16  -2.0028e-15   3.2576e-15  -4.8313e+00  -7.0773e-15  -3.2529e-16
  -2.0942e-15  -4.7703e-16   2.7486e-15  -4.8733e-15  -1.1732e+01  -2.4837e-15  -2.7636e-15  -7.0773e-15  -4.8313e+00  -1.3589e-15
  -2.4490e-01  -9.0269e-01  -1.2583e+00  -8.8958e-16   7.7243e-16  -1.1289e+01  -1.1289e+01  -3.2529e-16  -1.3589e-15  -6.9192e+00
Fb
  -6.9192e+00  -1.1289e+01   1.1289e+01  -8.9786e-16   4.2024e-17  -9.0269e-01   1.2583e+00   4.9309e-16  -2.0942e-15  -2.4490e-01
  -1.1289e+01  -1.4435e+01   3.7704e-01   3.8167e-15   2.0315e-15  -1.2486e+01   1.2417e+01   1.2695e-15  -4.7703e-16  -9.0269e-01
   1.1289e+01   3.7704e-01  -4.3479e+00   1.2859e-15  -1.0170e-15  -1.2417e+01   8.8829e+00  -2.2572e-15   2.7486e-15  -1.2583e+00
  -8.9786e-16   3.8167e-15   1.2859e-15  -4.8313e+00   9.4365e-16   2.7338e-16  -6.4989e-16  -1.1732e+01  -4.8733e-15  -8.8958e-16
   4.2024e-17   2.0315e-15  -1.0170e-15   9.4365e-16  -4.8313e+00  -7.9250e-16   7.4206e-16   9.1374e-16  -1.1732e+01   7.7243e-16
  -9.0269e-01  -1.2486e+01  -1.2417e+01   2.7338e-16  -7.9250e-16  -1.4435e+01  -3.7704e-01  -2.0028e-15  -2.4837e-15  -1.1289e+01
   1.2583e+00   1.2417e+01   8.8829e+00  -6.4989e-16   7.4206e-16  -3.7704e-01  -4.3479e+00   3.2576e-15  -2.7636e-15  -1.1289e+01
   4.9309e-16   1.2695e-15  -2.2572e-15  -1.1732e+01   9.1374e-16  -2.0028e-15   3.2576e-15  -4.8313e+00  -7.0773e-15  -3.2529e-16
  -2.0942e-15  -4.7703e-16   2.7486e-15  -4.8733e-15  -1.1732e+01  -2.4837e-15  -2.7636e-15  -7.0773e-15  -4.8313e+00  -1.3589e-15
  -2.4490e-01  -9.0269e-01  -1.2583e+00  -8.8958e-16   7.7243e-16  -1.1289e+01  -1.1289e+01  -3.2529e-16  -1.3589e-15  -6.9192e+00
after solving eigen equation: 3
Ca
  -1.7982e-01  -4.5944e-01  -4.7077e-01  -7.4940e-16   5.1088e-16   5.0490e-01   1.4086e-15   9.3935e-16  -4.9603e-01  -1.8437e-01
  -6.3172e-01  -3.9816e-01  -8.2083e-02   3.4694e-17   2.7756e-17  -4.8261e-01  -1.1380e-15  -1.1623e-15   3.0691e-01  -3.2948e-01
  -2.6191e-01   3.6109e-01   5.2119e-01   6.4532e-16  -5.5164e-16   1.1026e-01   5.8981e-16  -6.5919e-17  -3.9970e-01  -5.9787e-01
   3.9248e-17   5.9257e-17   8.2252e-17   3.5972e-01   6.0877e-01   2.6730e-15  -3.4913e-01  -6.1491e-01   6.7174e-16  -1.5372e-16
   6.2512e-17  -8.9166e-17  -8.5121e-16   6.0877e-01  -3.5972e-01   3.0591e-16   6.1491e-01  -3.4913e-01   1.4290e-15   2.6196e-17
  -6.3172e-01   3.9816e-01  -8.2083e-02            0  -5.5511e-17   4.8261e-01   3.3307e-16   2.1649e-15   3.0691e-01   3.2948e-01
   2.6191e-01   3.6109e-01  -5.2119e-01  -5.5511e-16   3.8858e-16   1.1026e-01  -2.2204e-16   1.1657e-15   3.9970e-01  -5.9787e-01
  -1.1749e-16  -1.6944e-17   3.2505e-16   3.5972e-01   6.0877e-01  -2.7118e-15   3.4913e-01   6.1491e-01  -6.2873e-16   5.0297e-17
   5.5511e-17            0  -1.0547e-15   6.0877e-01  -3.5972e-01  -3.8858e-16  -6.1491e-01   3.4913e-01  -1.6098e-15   5.5511e-17
  -1.7982e-01   4.5944e-01  -4.7077e-01  -5.0600e-16   4.2662e-16  -5.0490e-01  -2.5411e-18  -2.6852e-15  -4.9603e-01   1.8437e-01
Cb
  -1.7982e-01  -4.5944e-01  -4.7077e-01  -7.4940e-16   5.1088e-16   5.0490e-01   1.4086e-15   9.3935e-16  -4.9603e-01  -1.8437e-01
  -6.3172e-01  -3.9816e-01  -8.2083e-02   3.4694e-17   2.7756e-17  -4.8261e-01  -1.1380e-15  -1.1623e-15   3.0691e-01  -3.2948e-01
  -2.6191e-01   3.6109e-01   5.2119e-01   6.4532e-16  -5.5164e-16   1.1026e-01   5.8981e-16  -6.5919e-17  -3.9970e-01  -5.9787e-01
   3.9248e-17   5.9257e-17   8.2252e-17   3.5972e-01   6.0877e-01   2.6730e-15  -3.4913e-01  -6.1491e-01   6.7174e-16  -1.5372e-16
   6.2512e-17  -8.9166e-17  -8.5121e-16   6.0877e-01  -3.5972e-01   3.0591e-16   6.1491e-01  -3.4913e-01   1.4290e-15   2.6196e-17
  -6.3172e-01   3.9816e-01  -8.2083e-02            0  -5.5511e-17   4.8261e-01   3.3307e-16   2.1649e-15   3.0691e-01   3.2948e-01
   2.6191e-01   3.6109e-01  -5.2119e-01  -5.5511e-16   3.8858e-16   1.1026e-01  -2.2204e-16   1.1657e-15   3.9970e-01  -5.9787e-01
  -1.1749e-16  -1.6944e-17   3.2505e-16   3.5972e-01   6.0877e-01  -2.7118e-15   3.4913e-01   6.1491e-01  -6.2873e-16   5.0297e-17
   5.5511e-17            0  -1.0547e-15   6.0877e-01  -3.5972e-01  -3.8858e-16  -6.1491e-01   3.4913e-01  -1.6098e-15   5.5511e-17
  -1.7982e-01   4.5944e-01  -4.7077e-01  -5.0600e-16   4.2662e-16  -5.0490e-01  -2.5411e-18  -2.6852e-15  -4.9603e-01   1.8437e-01
 p =  5 q =  5
Pa_new
