OV_mat
   1.0000e+00   4.8501e-01  -4.6382e-01            0            0   7.2952e-02  -9.7547e-02            0            0   7.3985e-03
   4.8501e-01   1.0000e+00            0            0            0   4.6629e-01  -4.5219e-01            0            0   7.2952e-02
  -4.6382e-01            0   1.0000e+00            0            0   4.5219e-01  -3.1207e-01            0            0   9.7547e-02
            0            0            0   1.0000e+00            0            0            0   2.9737e-01            0            0
            0            0            0            0   1.0000e+00            0            0            0   2.9737e-01            0
   7.2952e-02   4.6629e-01   4.5219e-01            0            0   1.0000e+00  -6.7317e-16            0            0   4.8501e-01
  -9.7547e-02  -4.5219e-01  -3.1207e-01            0            0  -6.7317e-16   1.0000e+00            0            0   4.6382e-01
            0            0            0   2.9737e-01            0            0            0   1.0000e+00            0            0
            0            0            0            0   2.9737e-01            0            0            0   1.0000e+00            0
   7.3985e-03   7.2952e-02   9.7547e-02            0            0   4.8501e-01   4.6382e-01            0            0   1.0000e+00
H_mat
  -1.3600e+01  -1.4854e+01   1.0146e+01            0            0  -2.2342e+00   2.1338e+00            0            0  -1.7609e-01
  -1.4854e+01  -2.1400e+01            0            0            0  -1.7462e+01   1.2978e+01            0            0  -2.2342e+00
   1.0146e+01            0  -1.1400e+01            0            0  -1.2978e+01   6.2258e+00            0            0  -2.1338e+00
            0            0            0  -1.1400e+01            0            0            0  -5.9325e+00            0            0
            0            0            0            0  -1.1400e+01            0            0            0  -5.9325e+00            0
  -2.2342e+00  -1.7462e+01  -1.2978e+01            0            0  -2.1400e+01   1.9320e-14            0            0  -1.4854e+01
   2.1338e+00   1.2978e+01   6.2258e+00            0            0   1.9320e-14  -1.1400e+01            0            0  -1.0146e+01
            0            0            0  -5.9325e+00            0            0            0  -1.1400e+01            0            0
            0            0            0            0  -5.9325e+00            0            0            0  -1.1400e+01            0
  -1.7609e-01  -2.2342e+00  -2.1338e+00            0            0  -1.4854e+01  -1.0146e+01            0            0  -1.3600e+01
The molecule in file C2H2.txt has energy -177.169636
