Atom Matrix: 
   1.0000        0        0        0
   6.0000   2.0787        0        0
   6.0000   4.3653        0        0
   1.0000   6.4440        0        0


numBasisFunctions: 10
numElectronPairs: 5
BasisFunctions:
   1.0000        0        0        0        0        0        0   3.4253   0.6239   0.1689   0.1543   0.5353   0.4446   1.7944   0.5003   0.1877        0
   6.0000   2.0787        0        0        0        0        0   2.9412   0.6835   0.2223  -0.1000   0.3995   0.7001   1.6007   0.5357   0.2307        0
   6.0000   2.0787        0        0   1.0000        0        0   2.9412   0.6835   0.2223   0.1559   0.6077   0.3920   5.4904   0.8858   0.2176   1.0000
   6.0000   2.0787        0        0        0   1.0000        0   2.9412   0.6835   0.2223   0.1559   0.6077   0.3920   5.4904   0.8858   0.2176   1.0000
   6.0000   2.0787        0        0        0        0   1.0000   2.9412   0.6835   0.2223   0.1559   0.6077   0.3920   5.4904   0.8858   0.2176   1.0000
   6.0000   4.3653        0        0        0        0        0   2.9412   0.6835   0.2223  -0.1000   0.3995   0.7001   1.6007   0.5357   0.2307        0
   6.0000   4.3653        0        0   1.0000        0        0   2.9412   0.6835   0.2223   0.1559   0.6077   0.3920   5.4904   0.8858   0.2176   1.0000
   6.0000   4.3653        0        0        0   1.0000        0   2.9412   0.6835   0.2223   0.1559   0.6077   0.3920   5.4904   0.8858   0.2176   1.0000
   6.0000   4.3653        0        0        0        0   1.0000   2.9412   0.6835   0.2223   0.1559   0.6077   0.3920   5.4904   0.8858   0.2176   1.0000
   1.0000   6.4440        0        0        0        0        0   3.4253   0.6239   0.1689   0.1543   0.5353   0.4446   1.7944   0.5003   0.1877        0

OV_mat: 
   1.0000e+00   4.8501e-01  -4.6382e-01            0            0   7.2952e-02  -9.7547e-02            0            0   7.3985e-03
   4.8501e-01   1.0000e+00            0            0            0   4.6629e-01  -4.5219e-01            0            0   7.2952e-02
  -4.6382e-01            0   1.0000e+00            0            0   4.5219e-01  -3.1207e-01            0            0   9.7547e-02
            0            0            0   1.0000e+00            0            0            0   2.9737e-01            0            0
            0            0            0            0   1.0000e+00            0            0            0   2.9737e-01            0
   7.2952e-02   4.6629e-01   4.5219e-01            0            0   1.0000e+00  -6.7317e-16            0            0   4.8501e-01
  -9.7547e-02  -4.5219e-01  -3.1207e-01            0            0  -6.7317e-16   1.0000e+00            0            0   4.6382e-01
            0            0            0   2.9737e-01            0            0            0   1.0000e+00            0            0
            0            0            0            0   2.9737e-01            0            0            0   1.0000e+00            0
   7.3985e-03   7.2952e-02   9.7547e-02            0            0   4.8501e-01   4.6382e-01            0            0   1.0000e+00

H_mat: 
  -1.3600e+01  -1.4854e+01   1.0146e+01            0            0  -2.2342e+00   2.1338e+00            0            0  -1.7609e-01
  -1.4854e+01  -2.1400e+01            0            0            0  -1.7462e+01   1.2978e+01            0            0  -2.2342e+00
   1.0146e+01            0  -1.1400e+01            0            0  -1.2978e+01   6.2258e+00            0            0  -2.1338e+00
            0            0            0  -1.1400e+01            0            0            0  -5.9325e+00            0            0
            0            0            0            0  -1.1400e+01            0            0            0  -5.9325e+00            0
  -2.2342e+00  -1.7462e+01  -1.2978e+01            0            0  -2.1400e+01   1.9320e-14            0            0  -1.4854e+01
   2.1338e+00   1.2978e+01   6.2258e+00            0            0   1.9320e-14  -1.1400e+01            0            0  -1.0146e+01
            0            0            0  -5.9325e+00            0            0            0  -1.1400e+01            0            0
            0            0            0            0  -5.9325e+00            0            0            0  -1.1400e+01            0
  -1.7609e-01  -2.2342e+00  -2.1338e+00            0            0  -1.4854e+01  -1.0146e+01            0            0  -1.3600e+01

MO Coeffs:
   1.0000e+00  -1.2072e-15  -5.6335e-16   1.1081e-16  -1.7022e-16   1.1805e-16  -9.0367e-17   5.3265e-16  -1.6500e-17  -3.6097e-16
  -1.1971e-15   1.0000e+00  -3.4949e-17   8.4134e-17   1.0474e-16   3.5052e-17   2.9078e-16   3.8731e-16   1.9954e-17  -5.3579e-17
  -5.2193e-16   1.2943e-17   1.0000e+00   1.1328e-16   1.1002e-16   1.1242e-16   2.9246e-16  -3.4825e-16   5.8476e-16   4.9280e-17
   1.1081e-16   8.4134e-17   1.1328e-16   1.0000e+00  -2.4340e-18  -6.5068e-16   8.0040e-16  -1.1259e-16   2.7769e-16  -1.8131e-16
  -1.7022e-16   1.0474e-16   1.1002e-16   9.8903e-19   1.0000e+00  -2.1345e-16   5.4269e-16  -1.2579e-16  -1.8409e-16   9.9175e-17
   1.1805e-16   3.5052e-17   1.1242e-16  -7.0287e-16  -2.0742e-16   1.0000e+00   5.8310e-16  -7.3952e-17   2.5778e-16  -2.3719e-16
  -9.0367e-17   2.9078e-16   2.9246e-16   8.6533e-16   5.8987e-16   6.2572e-16   1.0000e+00  -2.5240e-16  -3.7050e-16   4.5268e-16
   3.7417e-16   2.5471e-16  -1.7147e-16  -1.1259e-16  -1.2579e-16  -7.3952e-17  -2.5240e-16   1.0000e+00  -1.7129e-15   5.6586e-16
  -8.9815e-17   4.1095e-17   4.6157e-16   2.7769e-16  -1.8409e-16   2.5778e-16  -3.7050e-16  -2.0899e-15   1.0000e+00   9.3128e-16
  -7.9967e-16  -1.1336e-16   9.7182e-17  -1.8131e-16   9.9175e-17  -2.3719e-16   4.5268e-16   7.8709e-16   8.3501e-16   1.0000e+00

The molecule in file ../../C2H2.txt has energy: -177.17
sBasisFunctions:
   1.0000        0        0        0        0        0        0   3.4253   0.6239   0.1689   0.1543   0.5353   0.4446   1.7944   0.5003   0.1877        0
   6.0000   2.0787        0        0        0        0        0   2.9412   0.6835   0.2223  -0.1000   0.3995   0.7001   1.6007   0.5357   0.2307        0
   6.0000   4.3653        0        0        0        0        0   2.9412   0.6835   0.2223  -0.1000   0.3995   0.7001   1.6007   0.5357   0.2307        0
   1.0000   6.4440        0        0        0        0        0   3.4253   0.6239   0.1689   0.1543   0.5353   0.4446   1.7944   0.5003   0.1877        0

Gamma: 
   21.0778   11.9364    6.2264    4.2227
   11.9364   16.9990   10.9735    6.2264
    6.2264   10.9735   16.9990   11.9364
    4.2227    6.2264   11.9364   21.0778

FockMatrix: 
  -4.1809e+00  -9.4052e+00   8.8146e+00   1.7554e-15   6.3811e-15  -1.0830e+00   1.4088e+00   1.1566e-15  -7.1766e-16  -7.6538e-02
  -9.4052e+00  -9.9456e+00   3.6604e+00   1.8430e-15   1.1237e-14  -1.1988e+01   1.2198e+01  -3.7041e-15  -5.9431e-15  -1.0830e+00
   8.8146e+00   3.6604e+00   1.1462e-01   3.4861e-15  -1.5896e-14  -1.2198e+01   9.8188e+00  -5.2411e-15   1.6604e-14  -1.4088e+00
   1.7554e-15   1.8430e-15   3.4861e-15   3.0663e+00  -5.3079e-15   1.5705e-15  -8.0727e-15  -1.1732e+01  -7.3859e-15  -7.8783e-16
   6.3811e-15   1.1237e-14  -1.5896e-14  -5.3079e-15   3.0663e+00   9.2196e-16   1.1015e-14   6.6245e-15  -1.1732e+01   1.4020e-15
  -1.0830e+00  -1.1988e+01  -1.2198e+01   1.5705e-15   9.2196e-16  -9.9456e+00  -3.6604e+00   2.8830e-15  -4.3375e-15  -9.4052e+00
   1.4088e+00   1.2198e+01   9.8188e+00  -8.0727e-15   1.1015e-14  -3.6604e+00   1.1462e-01   5.6428e-15  -1.2595e-14  -8.8146e+00
   1.1566e-15  -3.7041e-15  -5.2411e-15  -1.1732e+01   6.6245e-15   2.8830e-15   5.6428e-15   3.0663e+00   4.1284e-15   7.4561e-16
  -7.1766e-16  -5.9431e-15   1.6604e-14  -7.3859e-15  -1.1732e+01  -4.3375e-15  -1.2595e-14   4.1284e-15   3.0663e+00  -1.7903e-15
  -7.6538e-02  -1.0830e+00  -1.4088e+00  -7.8783e-16   1.4020e-15  -9.4052e+00  -8.8146e+00   7.4561e-16  -1.7903e-15  -4.1809e+00

Nuclear Repulsion Energy is 349.217 eV.
Electronic Energy is -779.343 eV.
Total Energy is -430.126 eV.
